0 0 1 255 0 0

0.5342 0.150192 0.258564 252 44 253

0.49173 0.164485 0.857471 248 0 0

0.475265 0.194015 0.608739 245 0 0

0.480783 0.188013 0.518382 0 196 246

0.443728 0.266136 0.838015 0 197 253

0.400195 0.338666 0.397936 254 137 246

0.357263 0.386883 0.758168 0 198 254

0.256324 0.453687 0.725042 253 245 0

0.204185 0.488233 0.838407 254 0 0

0.17206 0.498768 0.426156 252 123 247

0.0764786 0.518094 0.21346 0 191 250

0.024952 0.52997 0.517471 246 247 0

-0.0336104 0.525415 0.178519 0 193 246

-0.121059 0.492134 0.419374 246 129 0

-0.142951 0.514512 0.702533 245 129 0

-0.221733 0.488 0.320596 246 121 0

-0.319652 0.401331 0.567656 0 194 247

-0.380984 0.368506 0.401744 246 123 0

-0.43318 0.269621 0.448287 246 129 0

-0.49709 0.15156 0.59056 253 248 0

-0.503461 0.0963396 0.705785 0 195 246

-0.528246 -0.0116136 0.569825 245 253 250

-0.518888 -0.0181779 0.302883 0 196 246

-0.490471 -0.128686 0.384726 254 247 0

-0.477763 -0.180808 0.30988 0 196 252

-0.465516 -0.20073 0.83612 253 53 246

-0.428093 -0.267917 0.602615 0 196 250

-0.433528 -0.278381 0.422177 249 247 0

-0.388435 -0.352679 0.78557 254 126 0

-0.288671 -0.426963 0.775667 249 254 245

-0.215284 -0.47328 0.228473 253 0 0

-0.181339 -0.502537 0.632666 251 251 0

-0.12557 -0.514219 0.470193 253 159 252

-0.0498783 -0.509181 0.388926 254 122 0

-0.024822 -0.533931 0.508326 249 245 0

0.0760426 -0.525402 0.426204 246 146 253

0.195904 -0.496614 0.844536 0 199 248

0.260823 -0.439974 0.812646 253 189 246

0.293625 -0.412556 0.465367 250 114 249

0.332337 -0.402894 0.789623 252 248 0

0.421315 -0.331009 0.399255 254 246 0

0.422702 -0.31436 0.4894 245 223 251

0.4304 -0.277175 0.748129 254 250 0

0.470288 -0.195633 0.65377 252 125 0

0.503274 -0.146413 0.491952 245 252 0

0.505058 -0.136721 0.576546 0 194 248

0.51922 -0.0256938 0.207863 0 191 248

0.525465 -0.00820367 0.48761 248 0 0

0.52243 -0.00020207 0.299531 250 184 253

0.507083 0.00184357 0.483676 245 246 0

0.506395 0.0859638 0.661374 0 198 253

0.94629 0.243193 -0.510237 246 253 0

0.945341 0.258344 -0.433235 247 123 0

0.934845 0.286877 -0.418996 0 198 252

0.863139 0.462034 -0.802729 253 247 0

0.831588 0.513672 -0.229182 250 0 0

0.771089 0.607589 -0.820507 246 246 0

0.601303 0.777121 -0.233354 254 248 0

0.506444 0.832842 -0.605573 251 101 247

0.50708 0.832207 -0.507439 250 247 0

0.348605 0.914147 -0.819852 254 0 0

0.201479 0.956114 -0.303704 248 245 0

0.0962876 0.971452 -0.801918 253 0 0

-0.0734766 0.971748 -0.602729 0 191 251

-0.256771 0.948273 -0.808942 0 197 245

-0.389449 0.900974 -0.411631 254 0 0

-0.531569 0.817886 -0.483824 0 192 246

-0.581478 0.783283 -0.273617 249 20 252

-0.614255 0.757679 -0.809818 249 245 0

-0.755253 0.625993 -0.440183 245 64 246

-0.794159 0.574513 -0.81742 246 198 251

-0.876527 0.431727 -0.835072 0 191 251

-0.934166 0.29481 -0.609972 250 122 0

-0.960424 0.199052 -0.769637 245 0 0

-0.97399 0.100044 -0.349262 251 0 0

-0.978844 -0.0165158 -0.539118 0 193 253

-0.967286 -0.166458 -0.812683 254 246 0

-0.899414 -0.386891 -0.668166 0 190 247

-0.872013 -0.444816 -0.72017 0 198 248

-0.817788 -0.535928 -0.499455 248 127 0

-0.699574 -0.681527 -0.301115 247 251 0

-0.519653 -0.829173 -0.276101 247 132 251

-0.420002 -0.887085 -0.251002 245 0 0

-0.337076 -0.916322 -0.303907 245 251 0

-0.157333 -0.96315 -0.660582 0 195 245

-0.0178568 -0.972281 -0.555722 252 135 251

0.159329 -0.966125 -0.225915 246 15 248

0.353691 -0.914034 -0.570598 249 0 0

0.470664 -0.854938 -0.509228 253 254 0

0.602092 -0.773356 -0.625261 248 78 247

0.60921 -0.766406 -0.199189 249 0 0

0.762718 -0.611373 -0.730437 0 198 253

0.848685 -0.489752 -0.768479 250 125 0

0.91026 -0.355611 -0.465423 247 0 0

0.942365 -0.272706 -0.487037 246 185 251

0.980675 -0.0483521 -0.825695 0 199 246

0.0892945 0.0095112 -0.99922 0 192 247

0.163875 0.0611837 -0.912422 245 128 0

0.166904 0.0962178 -0.955642 252 121 0

0.122458 0.134346 -0.934547 0 191 245

0.121629 0.113783 -0.959824 252 247 0

0.107107 0.157288 -0.798476 245 252 0

0.104002 0.169907 -0.994716 0 193 249

0.0843581 0.155367 -0.917568 251 253 0

0.0537753 0.188265 -0.979038 249 253 0

0.034338 0.168269 -0.914017 0 198 253

0.0167497 0.165994 -0.900275 252 222 254

-0.0254871 0.175617 -0.994236 253 249 0

-0.0367589 0.163323 -0.889887 245 0 0

-0.0497813 0.15197 -0.997764 245 0 0

-0.0732916 0.139086 -0.934547 254 0 0

-0.095754 0.170267 -0.999946 251 252 0

-0.0896284 0.16451 -0.938634 254 124 0

-0.107982 0.131313 -0.995244 251 121 0

-0.132296 0.124951 -0.980671 0 199 252

-0.153319 0.0776929 -0.921379 250 247 0

-0.161985 0.0722614 -0.962231 254 126 0

-0.17522 0.0344296 -0.879637 0 199 247

-0.168702 0.00523643 -0.825281 249 124 0

-0.164322 -0.0382296 -0.999828 252 254 0

-0.185457 -0.0596974 -0.985376 250 124 0

-0.153885 -0.0720471 -0.948275 246 0 0

-0.160351 -0.0967535 -0.932686 249 122 0

-0.144509 -0.116584 -0.970944 249 1 248

-0.131923 -0.116192 -0.90536 251 165 250

-0.0910394 -0.128595 -0.979028 246 254 0

-0.0602989 -0.18373 -0.848645 0 190 249

-0.0173771 -0.190789 -0.999856 250 0 0

-0.0101928 -0.169871 -0.920653 0 199 251

0.0036363 -0.180515 -0.784363 0 192 246

0.0237298 -0.168822 -0.999531 246 97 248

0.0297115 -0.195272 -0.890833 0 198 245

0.0497778 -0.152883 -0.979818 252 122 0

0.0799487 -0.139333 -0.837198 245 125 251

0.100276 -0.152738 -0.82944 0 191 250

0.106892 -0.12896 -0.915866 252 0 0

0.117656 -0.110956 -0.880396 248 249 0

0.125686 -0.141308 -0.891859 0 192 246

0.127103 -0.138024 -0.994957 0 197 249

0.155292 -0.0906714 -0.977001 245 25 246

0.149822 -0.0842632 -0.992214 245 207 247

0.185722 -0.0442964 -0.999803 253 253 0

0.171014 -0.00132538 -0.986309 246 0 0

0.183934 0.0162325 -0.836892 0 195 254

0.348527 0.0746669 0.93432 248 0 0

0.161857 0.105982 0.897875 0 198 252

0.474362 0.139724 0.650922 245 197 249

0.555582 0.137867 0.630807 252 254 0

0.583246 0.155072 0.570939 248 137 254

0.821205 0.198764 0.421342 250 0 0

0.876098 0.20653 0.269282 253 0 0

0.961181 0.209439 -0.00447688 245 128 0

0.968095 0.208666 -0.0939329 0 197 249

0.970906 0.201448 -0.145963 0 193 254

0.94217 0.189096 -0.347906 250 180 247

0.898509 0.175365 -0.645098 0 193 245

0.819401 0.153544 -0.635683 253 124 0

0.673578 0.129136 -0.957385 251 123 0

0.548696 0.0981971 -0.928614 253 245 251

0.38607 0.0528236 -0.975282 248 199 254

0.213172 0.00507546 -1.02444 252 253 0

0.174363 -0.0275285 -1.00282 245 157 247

0.35648 0.0992912 0.929012 245 0 0

0.247856 0.123577 0.822662 0 192 249

0.408515 0.183332 0.710791 253 123 0

0.595376 0.228505 0.581791 246 120 0

0.6383 0.211907 0.618142 252 198 251

0.70663 0.250548 0.471406 245 0 0

0.751853 0.24239 0.468983 252 0 0

0.805727 0.247716 0.337946 246 7 246

0.905425 0.264974 0.0968419 254 241 246

0.912068 0.268031 0.0884863 248 139 251

0.940975 0.262592 -0.123656 246 246 0

0.961414 0.263726 -0.268097 251 250 247

0.95652 0.246874 -0.37495 248 123 0

0.921268 0.224958 -0.516616 0 196 247

0.878008 0.191707 -0.572107 245 128 0

0.784343 0.172248 -0.81329 0 197 253

0.772155 0.190035 -0.753537 247 120 0

0.694556 0.141548 -0.797916 253 86 247

0.69306 0.148073 -0.836522 252 251 0

0.560306 0.137944 -0.891279 0 191 249

0.372916 0.0827512 -1.04882 253 120 0

0.297292 0.139193 0.944586 246 129 0

0.250879 0.160899 0.846811 254 248 0

0.502871 0.290951 0.757823 0 199 247

0.591611 0.368321 0.58554 250 247 0

0.735858 0.387521 0.386736 245 125 251

0.820837 0.420174 0.100805 251 77 252

0.837868 0.418217 0.10264 245 126 0

0.88379 0.420409 -0.031534 249 0 0

0.893985 0.424028 -0.0627581 249 102 249

0.899227 0.420983 -0.107772 251 0 0

0.903566 0.413263 -0.270133 0 198 245

0.892869 0.40516 -0.424475 246 250 0

0.870618 0.381609 -0.446645 253 123 0

0.840026 0.354343 -0.615143 246 0 0

0.801474 0.334131 -0.629318 251 0 0

0.817006 0.322928 -0.701037 250 0 0

0.761732 0.272189 -0.732659 254 250 0

0.715964 0.288067 -0.799164 248 109 252

0.539553 0.175531 -0.945685 249 245 0

0.484306 0.111145 -0.92336 248 0 0

0.419947 0.165543 -0.930094 254 128 0

0.277875 0.146372 0.9494 0 192 254

0.167868 0.243207 0.828045 247 0 0

0.296893 0.273695 0.797826 249 23 253

0.424944 0.313009 0.753598 254 0 0

0.405521 0.315476 0.709892 249 0 0

0.578418 0.410059 0.572413 246 247 250

0.698773 0.39165 0.539988 250 188 247

0.740811 0.458965 0.255294 245 0 0

0.841745 0.46512 -0.0311547 251 253 0

0.873998 0.465818 -0.0902468 252 190 249

0.875142 0.446972 -0.294433 0 193 247

0.855407 0.409475 -0.341758 253 0 0

0.812549 0.395005 -0.575223 0 198 246

0.809493 0.387003 -0.629483 0 190 246

0.787 0.352409 -0.579119 245 249 0

0.785434 0.339471 -0.71493 246 72 252

0.67826 0.291566 -0.825525 253 0 0

0.600104 0.185185 -0.903615 254 125 0

0.545914 0.230652 -0.902764 250 252 0

0.234107 0.189194 0.953624 250 123 0

0.261602 0.37854 0.896658 245 0 0

0.357696 0.421379 0.801131 253 128 0

0.440338 0.402044 0.729396 250 98 245

0.474984 0.451027 0.669281 251 57 249

0.645725 0.581584 0.419036 0 192 247

0.70396 0.605811 0.201147 249 129 0

0.736441 0.611022 0.269969 0 198 249

0.756543 0.62854 0.0619517 253 250 0

0.777663 0.604874 -0.249568 245 189 248

0.776737 0.607432 -0.290676 252 0 0

0.746974 0.564703 -0.374821 251 251 0

0.685361 0.522826 -0.63867 246 248 0

0.664456 0.49806 -0.709009 247 127 0

0.602222 0.404171 -0.721602 0 193 250

0.51861 0.373053 -0.914108 250 252 0

0.514036 0.262441 -0.914637 252 75 250

0.424574 0.292574 -0.935473 0 196 252

0.183774 0.200456 0.962312 252 254 0

0.166988 0.385272 0.85466 248 241 247

0.381297 0.562617 0.702637 251 0 0

0.460418 0.584386 0.54843 252 227 250

0.576137 0.713471 0.306565 0 191 249

0.621869 0.736877 0.205255 0 194 249

0.672689 0.732184 -0.0946338 245 0 0

0.665714 0.710351 -0.345732 249 247 0

0.666071 0.626232 -0.426979 254 252 0

0.640585 0.611627 -0.607786 246 250 0

0.546911 0.532146 -0.743184 252 62 246

0.555123 0.551452 -0.710221 252 10 245

0.480659 0.334749 -0.866434 0 196 254

0.479375 0.336285 -0.93575 253 0 0

0.328545 0.227236 -1.00775 249 250 251

0.277806 0.0630938 -1.07533 246 247 0

0.141573 0.246436 0.958763 249 52 254

0.191048 0.493241 0.75416 0 197 248

0.261717 0.590141 0.682218 0 194 251

0.344265 0.628624 0.645173 0 198 247

0.37875 0.752411 0.43586 0 197 246

0.413776 0.799693 0.334886 248 127 0

0.478517 0.85466 0.0540194 251 127 0

0.496235 0.850009 -0.220014 0 193 252

0.492131 0.806489 -0.319726 245 247 0

0.47824 0.796211 -0.479901 248 126 0

0.421932 0.578284 -0.7057 253 253 0

0.339914 0.468835 -0.903966 246 125 0

0.325998 0.340815 -0.900917 248 251 0

0.13895 0.288571 0.947322 254 163 245

0.0829926 0.349501 0.894992 253 62 248

0.181248 0.592921 0.813675 247 123 0

0.179001 0.554386 0.755556 0 195 250

0.283911 0.721088 0.713349 246 250 0

0.293949 0.758459 0.47902 0 195 245

0.318256 0.84596 0.467576 246 125 0

0.357899 0.829498 0.343112 0 196 246

0.418388 0.883362 0.165137 249 200 251

0.426779 0.900217 -0.208107 246 246 0

0.429958 0.869396 -0.277172 249 252 0

0.413373 0.738914 -0.58865 246 249 0

0.397308 0.650488 -0.679012 254 120 0

0.335257 0.603984 -0.801807 253 0 0

0.316112 0.4351 -0.851344 0 198 254

0.172442 0.334309 -1.04076 251 125 0

0.0929063 0.256596 0.962043 245 106 248

0.100717 0.375708 0.838617 253 0 0

0.150875 0.621282 0.751779 0 191 248

0.217383 0.79307 0.513728 0 191 251

0.248044 0.858691 0.419338 253 254 0

0.290735 0.907631 0.240121 247 125 0

0.31426 0.890712 0.179885 251 129 0

0.335519 0.938743 -0.00991543 250 65 245

0.335836 0.918336 -0.349273 0 190 248

0.337232 0.920834 -0.293376 0 193 249

0.335027 0.889146 -0.443858 253 125 0

0.326841 0.830254 -0.480324 0 194 250

0.324965 0.75271 -0.502772 245 0 0

0.321164 0.707658 -0.606572 254 250 0

0.303429 0.693929 -0.667094 249 0 0

0.294054 0.631313 -0.651209 0 197 252

0.239838 0.647893 -0.84293 247 0 0

0.201018 0.398354 -1.00436 253 145 254

0.178561 0.248875 -1.0338 246 127 0

0.146296 0.276924 -0.953732 248 128 0

0.0689288 0.162003 -1.04228 252 0 0

0.0412976 0.300969 0.952739 252 128 0

0.0515505 0.531943 0.76231 0 199 250

0.0584223 0.70918 0.663895 246 30 245

0.10227 0.861268 0.574182 0 196 254

0.108744 0.868524 0.525632 0 197 253

0.119956 0.963476 0.351512 247 0 0

0.125857 0.98244 0.00984304 250 0 0

0.13426 0.989571 0.0186812 247 0 0

0.135887 0.96251 -0.303024 252 0 0

0.131667 0.90981 -0.399293 251 0 0

0.117465 0.800258 -0.631491 250 181 246

0.106877 0.645338 -0.788403 250 164 250

0.0769968 0.404713 -0.926035 247 224 249

0.0577411 0.238536 -0.964035 251 120 0

0.0297654 -0.0136119 -1.02774 254 0 0

-0.0185616 0.283027 0.958932 250 245 0

-0.0150911 0.405951 0.905766 246 127 0

-0.028917 0.546675 0.813989 250 251 0

-0.0383213 0.79561 0.737115 247 128 0

-0.0497159 0.899492 0.505946 249 0 0

-0.0567402 0.919218 0.420262 250 0 0

-0.0607826 0.989895 0.0658778 254 126 0

-0.0636221 0.995661 -0.021758 0 191 247

-0.065127 0.995132 -0.01622 245 127 0

-0.0649031 0.990122 -0.134793 0 193 245

-0.0653845 0.985645 -0.188068 249 54 250

-0.0641677 0.9356 -0.436507 248 146 250

-0.0583023 0.83949 -0.480025 246 246 0

-0.0570351 0.642816 -0.758838 250 124 0

-0.0432255 0.511636 -0.880666 252 124 0

-0.0476423 0.508523 -0.872879 252 254 0

-0.035181 0.307519 -0.961319 248 0 0

-0.114887 0.33874 0.933839 250 0 0

-0.12998 0.568753 0.756205 253 251 0

-0.155765 0.681203 0.761128 251 254 0

-0.201771 0.676848 0.624153 253 58 252

-0.261863 0.824847 0.399301 245 197 254

-0.252754 0.893429 0.398526 0 190 254

-0.275974 0.930174 0.28864 0 196 252

-0.299702 0.941458 0.0939005 0 198 249

-0.320082 0.924359 -0.1504 252 129 250

-0.32067 0.921487 -0.120043 249 129 0

-0.317045 0.874295 -0.336817 248 0 0

-0.298034 0.842211 -0.445944 254 127 0

-0.297481 0.738682 -0.545794 246 0 0

-0.284019 0.794528 -0.710729 250 121 0

-0.245942 0.478991 -0.882664 250 122 0

-0.199227 0.45207 -0.801018 251 0 0

-0.216154 0.435575 -0.911065 247 14 252

-0.171607 0.367674 -0.969224 245 246 0

-0.177756 0.149266 -1.0093 252 0 0

-0.143652 0.215523 0.965875 251 251 0

-0.170389 0.502162 0.841157 251 121 0

-0.320458 0.637776 0.649237 246 124 0

-0.40012 0.68976 0.463871 251 252 0

-0.500045 0.819497 0.202916 253 245 0

-0.51765 0.810707 0.113794 0 194 248

-0.542252 0.818496 -0.0396632 251 254 0

-0.554569 0.830624 -0.0721413 250 177 247

-0.554331 0.818433 -0.382135 248 120 0

-0.539545 0.728336 -0.430946 246 245 0

-0.51704 0.705492 -0.541947 0 198 245

-0.504546 0.664595 -0.675831 250 63 253

-0.448565 0.590513 -0.705379 249 67 249

-0.42602 0.525262 -0.843808 249 128 0

-0.359554 0.306071 -0.910587 245 0 0

-0.251996 0.278182 -1.01888 248 0 0

-0.161404 0.216646 0.962815 250 246 0

-0.204144 0.436199 0.816651 249 91 253

-0.275748 0.552094 0.719618 248 191 247

-0.347679 0.579731 0.682141 253 249 0

-0.376784 0.593359 0.630662 252 190 254

-0.425861 0.649705 0.491473 252 127 0

-0.527791 0.779015 0.33983 248 126 0

-0.569406 0.771086 0.185054 245 0 0

-0.586862 0.800996 0.0646424 245 122 0

-0.596975 0.778523 -0.17356 253 0 0

-0.581484 0.699292 -0.437297 0 195 249

-0.555861 0.690669 -0.572533 247 140 251

-0.565108 0.618924 -0.696262 0 190 250

-0.493002 0.522624 -0.714657 250 124 0

-0.356637 0.312932 -0.893819 254 129 0

-0.325458 0.235829 -0.96424 253 250 0

-0.17891 0.189657 0.965412 252 123 0

-0.273104 0.381684 0.800834 253 40 250

-0.383622 0.507166 0.680781 0 193 254

-0.499455 0.646586 0.509168 254 18 253

-0.564044 0.667374 0.392805 253 163 253

-0.65527 0.697648 0.0757013 0 197 250

-0.666291 0.721532 0.0088737 248 126 252

-0.685222 0.723148 -0.131956 246 0 0

-0.666288 0.635039 -0.401077 0 198 250

-0.633684 0.587903 -0.616984 0 191 252

-0.582986 0.574125 -0.683787 253 196 246

-0.535502 0.48581 -0.768352 252 155 248

-0.569992 0.49812 -0.822038 254 251 0

-0.511755 0.490014 -0.822752 246 126 0

-0.460348 0.468207 -0.86957 252 0 0

-0.373236 0.272831 -0.94683 254 9 246

-0.246231 0.0869094 -1.02342 248 251 0

-0.258609 0.194569 0.946184 248 249 0

-0.259801 0.254958 0.889518 247 36 245

-0.414429 0.476772 0.621971 254 0 0

-0.62554 0.476617 0.459682 254 80 253

-0.693894 0.553839 0.309424 248 0 0

-0.757557 0.597195 0.125229 247 128 0

-0.785071 0.601048 -0.0665617 250 118 251

-0.798185 0.590621 -0.134917 254 0 0

-0.79894 0.595604 -0.170533 246 250 0

-0.765765 0.54289 -0.370823 248 53 247

-0.70189 0.480051 -0.599417 0 194 252

-0.581676 0.380001 -0.777254 0 197 251

-0.562206 0.268088 -0.858686 248 0 0

-0.468028 0.283843 -0.933815 249 254 0

-0.36197 0.0646398 -1.0347 0 193 247

-0.245043 0.167875 0.954868 254 245 0

-0.283027 0.274988 0.787888 247 127 0

-0.401295 0.401136 0.753626 248 0 0

-0.459793 0.41253 0.631506 248 171 253

-0.585921 0.493351 0.567786 248 0 0

-0.716109 0.546106 0.372676 0 195 249

-0.792081 0.562848 0.0545957 250 121 0

-0.800347 0.56379 -0.0360602 250 123 0

-0.824955 0.5373 -0.269165 254 0 0

-0.813822 0.533036 -0.457229 247 245 0

-0.776358 0.447315 -0.625229 248 124 0

-0.712844 0.437001 -0.721853 247 245 0

-0.615501 0.322162 -0.754626 254 232 253

-0.481481 0.263955 -0.914628 249 0 0

-0.529213 0.224911 -0.885948 250 224 245

-0.350967 0.123629 -1.06322 253 50 253

-0.273223 0.185704 0.943856 0 199 252

-0.253542 0.311461 0.873151 251 0 0

-0.49864 0.385235 0.663209 251 0 0

-0.500699 0.41172 0.551205 250 124 0

-0.629264 0.492723 0.476015 253 252 0

-0.6843 0.543926 0.338634 0 194 250

-0.747277 0.549665 0.16634 249 217 251

-0.820695 0.562124 0.0184969 251 0 0

-0.815962 0.562124 0.0123594 248 177 250

-0.820497 0.516193 -0.338139 247 252 0

-0.805302 0.515917 -0.403778 253 126 0

-0.728425 0.4606 -0.630554 245 123 0

-0.650861 0.402685 -0.751425 252 252 0

-0.628306 0.33054 -0.819958 0 192 254

-0.419224 0.143452 -0.899004 253 248 0

-0.273465 0.0929855 -1.01086 246 246 0

-0.270097 0.162637 0.948998 245 0 0

-0.243671 0.253994 0.882072 250 238 251

-0.424751 0.335722 0.774924 254 0 0

-0.520256 0.424774 0.561915 250 124 0

-0.721787 0.496542 0.339233 251 120 0

-0.777632 0.500714 0.18753 249 0 0

-0.843342 0.515686 0.0510124 254 0 0

-0.849434 0.502305 -0.0924383 250 0 0

-0.855034 0.50331 -0.319633 251 0 0

-0.832862 0.468922 -0.583229 253 252 0

-0.725412 0.434004 -0.615015 251 124 0

-0.710687 0.351603 -0.752148 253 150 254

-0.673544 0.310156 -0.778328 246 0 0

-0.593281 0.242227 -0.830281 0 192 249

-0.566705 0.221759 -0.949292 245 0 0

-0.479025 0.197212 -0.934647 0 196 245

-0.474172 0.124597 -0.978415 247 254 0

-0.246893 0.132862 0.959891 254 122 0

-0.334842 0.318553 0.781032 253 0 0

-0.506278 0.324794 0.682417 245 125 0

-0.546809 0.359625 0.630872 248 253 0

-0.613918 0.352292 0.576581 245 127 0

-0.620691 0.42015 0.4794 248 246 0

-0.670774 0.413371 0.359139 249 0 0

-0.773859 0.462014 0.284399 0 197 254

-0.822508 0.470738 0.118079 0 192 248

-0.872924 0.473621 -0.0136716 253 60 249

-0.868886 0.458423 -0.291345 250 129 0

-0.87603 0.418522 -0.405019 249 0 0

-0.865531 0.433149 -0.420224 253 122 0

-0.806383 0.400849 -0.693326 254 0 0

-0.675259 0.328526 -0.742811 254 246 0

-0.565478 0.186293 -0.900048 251 105 247

-0.561474 0.185224 -0.871214 246 0 0

-0.557286 0.249917 -0.906487 251 123 0

-0.44368 0.11749 -0.954502 0 195 246

-0.315607 0.0980909 0.943806 250 22 251

-0.326392 0.155513 0.776403 251 128 0

-0.612657 0.223197 0.658676 252 0 0

-0.742315 0.271761 0.426333 248 0 0

-0.859867 0.291743 0.149652 253 119 250

-0.86681 0.295729 0.199009 249 125 0

-0.95008 0.294529 -0.0822401 0 198 253

-0.952811 0.294463 -0.214985 254 193 254

-0.934968 0.28473 -0.31402 250 251 0

-0.92522 0.246405 -0.472535 253 118 245

-0.929124 0.271299 -0.439269 0 199 254

-0.903686 0.226891 -0.546575 0 198 250

-0.876375 0.225318 -0.703268 247 129 0

-0.834884 0.205992 -0.700353 247 126 0

-0.67908 0.149914 -0.859557 245 129 0

-0.700662 0.17304 -0.852675 249 246 0

-0.60831 0.103253 -0.913748 245 247 0

-0.32871 0.0255159 -1.0324 251 240 245

-0.250203 0.0732156 0.965421 251 247 0

-0.220126 0.143739 0.840318 254 0 0

-0.51013 0.176411 0.708668 247 253 0

-0.753661 0.225817 0.426567 248 122 0

-0.791405 0.275116 0.242385 248 0 0

-0.914508 0.280407 -0.0407997 0 191 251

-0.940536 0.28054 -0.0564694 250 248 0

-0.956766 0.272743 -0.190321 251 0 0

-0.933951 0.266614 -0.398747 252 23 247

-0.863878 0.230412 -0.506669 0 197 250

-0.806655 0.180175 -0.806658 0 191 250

-0.7928 0.182515 -0.736113 250 127 0

-0.769974 0.169401 -0.859198 246 0 0

-0.661383 0.139186 -0.893015 254 252 0

-0.491486 0.121319 -1.00788 254 47 252

-0.465697 0.0914838 -1.04875 0 196 252

-0.230831 -0.0269698 -1.01679 251 244 249

-0.316433 0.0292672 0.948163 246 250 0

-0.385491 0.0566079 0.805878 247 246 0

-0.647132 0.0713982 0.74834 248 0 0

-0.776498 0.0770349 0.458266 254 103 249

-0.917994 0.0881019 0.270714 246 245 0

-0.960054 0.0920971 0.0114758 252 0 0

-0.992511 0.0912484 -0.237775 248 249 0

-0.991158 0.0838088 -0.306285 253 123 0

-0.958355 0.0859047 -0.379812 251 208 252

-0.943932 0.0735649 -0.452929 0 190 246

-0.868155 0.0755149 -0.648638 246 94 249

-0.706661 0.0587452 -0.890534 0 198 254

-0.727906 0.04269 -0.848446 247 122 0

-0.745361 0.0542691 -0.921797 0 196 253

-0.519551 0.0399073 -0.933443 250 124 0

-0.334573 0.0254363 -1.00975 250 61 248

-0.216484 -0.00919098 -1.00536 251 30 248

-0.302186 0.00465385 0.953238 245 37 247

-0.392147 0.00778777 0.841831 249 145 248

-0.549724 0.0105682 0.708153 245 122 254

-0.635907 0.0120828 0.549725 254 0 0

-0.811303 0.0142411 0.26289 248 70 254

-0.905888 0.0143875 0.175727 249 164 247

-0.91684 0.0151146 0.120615 246 238 248

-0.976306 0.015305 -0.0126387 0 197 250

-0.98134 0.0153371 -0.137661 245 127 0

-0.999777 0.0152147 -0.22906 252 0 0

-0.996068 0.0149285 -0.201988 252 0 0

-0.98359 0.0132398 -0.495968 252 125 0

-0.965632 0.0127209 -0.618273 0 195 251

-0.872092 0.0102049 -0.670936 253 122 0

-0.703194 0.0090291 -0.85508 254 131 250

-0.603484 0.00855087 -0.908604 0 191 248

-0.477661 0.00253095 -1.03696 0 198 254

-0.359929 -0.0478101 0.931754 0 194 247

-0.131704 -0.0628511 0.897039 253 152 254

-0.324278 -0.0635509 0.760206 254 120 0

-0.535098 -0.0884838 0.74676 0 196 247

-0.616658 -0.102649 0.667214 250 82 254

-0.745554 -0.115974 0.605844 251 129 0

-0.779756 -0.108655 0.427126 0 199 246

-0.900575 -0.130699 0.141069 253 123 0

-0.956137 -0.130027 0.145604 245 63 253

-0.98627 -0.131499 -0.0721221 251 129 0

-0.977823 -0.131667 -0.0522723 254 73 250

-0.990086 -0.130313 -0.197455 254 101 245

-0.977071 -0.125578 -0.479184 246 126 0

-0.846174 -0.0916974 -0.69395 254 179 253

-0.77787 -0.0870842 -0.716555 0 192 246

-0.76663 -0.0787345 -0.789836 0 190 251

-0.549001 -0.050219 -0.923042 245 122 0

-0.616503 -0.0562164 -1.00487 254 120 0

-0.5267 -0.0334107 -0.944966 251 0 0

-0.51511 -0.0411093 -0.999518 254 128 0

-0.323117 -0.0213013 -1.0065 250 202 245

-0.246808 0.0144081 -1.00794 250 0 0

-0.338234 -0.135096 0.931315 254 148 254

-0.263363 -0.167739 0.76612 248 127 0

-0.367864 -0.25715 0.757465 250 0 0

-0.557719 -0.273296 0.648108 0 195 249

-0.661067 -0.322495 0.489006 0 197 245

-0.778647 -0.353976 0.490199 0 194 252

-0.813474 -0.348063 0.351038 252 128 0

-0.84027 -0.363866 0.189737 249 41 246

-0.916822 -0.370905 0.067167 0 191 245

-0.91894 -0.370793 -0.105123 253 40 254

-0.925134 -0.357497 -0.325811 247 240 248

-0.925581 -0.360127 -0.346599 249 254 0

-0.88584 -0.335364 -0.425307 246 0 0

-0.846768 -0.281409 -0.672126 248 0 0

-0.75426 -0.240171 -0.849515 246 126 0

-0.620982 -0.197816 -0.815005 248 0 0

-0.603519 -0.184092 -0.940857 254 121 0

-0.513949 -0.12344 -1.02059 0 196 250

-0.2977 -0.0333099 -1.03277 252 250 0

-0.276633 -0.177834 0.944378 246 0 0

-0.216965 -0.26721 0.809931 246 129 0

-0.406647 -0.313058 0.822007 0 196 252

-0.386236 -0.340639 0.636658 248 249 0

-0.577728 -0.449977 0.551102 251 120 0

-0.668354 -0.517736 0.277017 0 193 249

-0.725119 -0.517711 0.300954 245 124 0

-0.784951 -0.540192 0.156521 0 190 253

-0.787566 -0.53487 0.189329 251 0 0

-0.809974 -0.539037 -0.0914401 245 252 0

-0.838516 -0.518165 -0.245543 245 0 0

-0.805242 -0.50475 -0.39505 250 0 0

-0.79064 -0.437434 -0.545739 0 199 253

-0.737294 -0.380046 -0.638051 248 124 0

-0.676726 -0.318335 -0.734733 250 134 245

-0.596976 -0.275016 -0.888911 246 118 247

-0.577075 -0.250517 -0.890155 246 252 0

-0.398786 -0.180842 -0.979773 252 133 248

-0.224156 -0.146748 0.963441 249 0 0

-0.168286 -0.250206 0.934101 0 195 249

-0.223165 -0.270361 0.882742 253 0 0

-0.349799 -0.356268 0.757458 254 249 0

-0.585913 -0.462684 0.476787 0 190 248

-0.745417 -0.503012 0.286934 254 248 0

-0.746488 -0.532895 0.249119 248 0 0

-0.804845 -0.547622 0.200435 249 121 0

-0.828849 -0.546158 0.0439388 251 123 0

-0.836067 -0.514339 -0.256756 253 0 0

-0.827172 -0.533423 -0.352251 0 196 248

-0.822106 -0.511238 -0.390013 248 0 0

-0.791032 -0.472555 -0.610416 253 199 247

-0.779221 -0.462928 -0.549811 251 252 0

-0.711349 -0.408217 -0.756533 253 0 0

-0.55917 -0.318803 -0.966677 245 250 0

-0.385799 -0.0722445 -1.05505 247 0 0

-0.285946 -0.209572 0.935048 252 0 0

-0.304429 -0.351984 0.706784 251 96 252

-0.436099 -0.477231 0.704982 0 199 253

-0.545068 -0.496927 0.623449 254 245 0

-0.59603 -0.53369 0.485672 251 13 246

-0.66258 -0.517359 0.394114 0 199 246

-0.700501 -0.57254 0.312161 249 0 0

-0.761129 -0.591101 0.119796 0 194 245

-0.757352 -0.590021 -0.0339687 252 189 247

-0.803707 -0.585448 -0.162726 250 252 0

-0.794605 -0.564464 -0.410445 249 254 0

-0.738754 -0.469671 -0.620676 251 253 0

-0.650526 -0.371149 -0.645995 245 0 0

-0.511939 -0.248474 -0.837107 248 0 0

-0.465852 -0.233307 -0.97144 245 0 0

-0.385623 -0.135652 -0.930721 252 250 0

-0.325615 -0.0435695 -1.03145 247 146 248

-0.140918 0.0360991 -1.04477 250 61 252

-0.213394 -0.213771 0.953292 253 0 0

-0.191411 -0.309196 0.902445 250 252 0

-0.299383 -0.450284 0.789746 0 197 249

-0.335307 -0.482245 0.788803 0 195 251

-0.484143 -0.577378 0.618112 251 5 247

-0.469024 -0.589297 0.49757 253 0 0

-0.5784 -0.64306 0.479675 250 0 0

-0.600799 -0.69898 0.271101 0 197 246

-0.67608 -0.707689 0.0851778 253 126 0

-0.701246 -0.707645 0.0640933 249 121 0

-0.698754 -0.686619 -0.175526 251 211 248

-0.706243 -0.663426 -0.265556 253 246 0

-0.705365 -0.694149 -0.281371 249 86 252

-0.695582 -0.684681 -0.321799 246 254 0

-0.679389 -0.634023 -0.596301 247 125 0

-0.599111 -0.495548 -0.723895 253 127 0

-0.579325 -0.489593 -0.753259 251 123 0

-0.505075 -0.3936 -0.928335 247 124 0

-0.232817 -0.279664 0.931442 0 192 252

-0.160467 -0.328103 0.849521 245 122 0

-0.246843 -0.415686 0.770562 251 0 0

-0.383962 -0.652675 0.53953 0 194 246

-0.4775 -0.628635 0.502996 0 197 253

-0.59603 -0.757579 0.256187 254 200 246

-0.591442 -0.746907 0.114047 0 195 247

-0.63063 -0.768503 -0.00286137 246 121 0

-0.639635 -0.750606 -0.240603 251 251 0

-0.631239 -0.717809 -0.462466 247 126 0

-0.583857 -0.661586 -0.674488 251 124 0

-0.49036 -0.523331 -0.83484 250 250 0

-0.36322 -0.278621 -0.896043 0 190 254

-0.308499 -0.262387 -0.948947 245 124 0

-0.199429 -0.106834 -1.03229 253 177 253

-0.198477 -0.0307068 -1.00901 247 0 0

-0.204042 -0.302998 0.930892 0 194 249

-0.224455 -0.54671 0.737581 247 123 0

-0.322606 -0.611565 0.674314 250 129 0

-0.38763 -0.672696 0.554942 251 126 0

-0.484132 -0.788958 0.258515 0 190 247

-0.495968 -0.783275 0.347645 246 129 0

-0.513069 -0.791351 0.08853 254 249 0

-0.54932 -0.828842 -0.0150524 248 212 254

-0.557857 -0.786414 -0.273945 245 0 0

-0.53361 -0.769335 -0.467788 248 123 0

-0.501682 -0.630922 -0.526063 0 193 252

-0.433675 -0.590289 -0.820633 252 4 253

-0.391664 -0.403846 -0.877008 252 122 0

-0.144749 -0.217068 0.965365 0 197 254

-0.137115 -0.329289 0.88384 249 248 0

-0.161526 -0.376752 0.806138 245 59 249

-0.361303 -0.683389 0.586958 0 197 249

-0.459402 -0.760913 0.279015 251 47 253

-0.474576 -0.793832 0.262674 250 249 0

-0.550343 -0.831977 -0.0878387 248 126 0

-0.554495 -0.825556 -0.209515 254 250 0

-0.553643 -0.801747 -0.260307 246 11 249

-0.525661 -0.713042 -0.485865 0 194 253

-0.482946 -0.595857 -0.634736 249 123 0

-0.461111 -0.608442 -0.677728 245 124 0

-0.417225 -0.401471 -0.81208 0 197 253

-0.37457 -0.25426 -0.94986 254 127 0

-0.290896 -0.267633 -0.979872 252 123 0

-0.196288 -0.130832 -1.00273 0 193 253

-0.197829 -0.0227596 -1.01918 246 0 0

-0.130132 -0.337588 0.932255 247 247 0

-0.107174 -0.366114 0.796695 253 113 254

-0.114323 -0.467015 0.785464 250 0 0

-0.236974 -0.713848 0.669536 254 23 254

-0.250008 -0.776593 0.627418 249 252 0

-0.301502 -0.870368 0.374546 254 0 0

-0.325407 -0.920166 0.20311 249 106 252

-0.353843 -0.922712 -0.113499 248 129 0

-0.359646 -0.904854 -0.246578 0 191 246

-0.354228 -0.82121 -0.375676 249 170 251

-0.352945 -0.840541 -0.450425 0 190 251

-0.334629 -0.690495 -0.62344 254 0 0

-0.279046 -0.656282 -0.74973 245 251 0

-0.247778 -0.632687 -0.820156 0 196 254

-0.236585 -0.431899 -0.924354 0 196 251

-0.128338 -0.336429 0.932923 247 0 0

-0.12185 -0.612043 0.857716 0 197 245

-0.168349 -0.603819 0.683967 247 0 0

-0.235317 -0.666887 0.628045 0 196 253

-0.273863 -0.800799 0.332495 0 197 248

-0.324977 -0.896469 0.193225 251 253 0

-0.33831 -0.933852 0.0917707 246 0 0

-0.356164 -0.924938 -0.15194 249 0 0

-0.355901 -0.880434 -0.393415 250 248 0

-0.348674 -0.81269 -0.370497 251 126 0

-0.351305 -0.836893 -0.435662 0 195 249

-0.323714 -0.710281 -0.672598 0 198 254

-0.318973 -0.753304 -0.595563 251 125 0

-0.253171 -0.627671 -0.770982 254 0 0

-0.197983 -0.464342 -0.990385 245 0 0

-0.134658 -0.163473 -0.982319 249 122 0

-0.0650612 -0.293122 0.953859 252 0 0

-0.0733143 -0.564799 0.811863 247 121 0

-0.0766739 -0.48631 0.775782 248 128 0

-0.119191 -0.715255 0.686203 253 246 0

-0.156556 -0.854622 0.401876 250 163 251

-0.155258 -0.872743 0.512752 250 123 0

-0.186268 -0.870412 0.33825 0 190 251

-0.195887 -0.940405 0.299708 249 0 0

-0.195159 -0.944244 0.183964 250 245 0

-0.204224 -0.973609 0.0225866 247 86 251

-0.215652 -0.975142 -0.110273 249 121 0

-0.216051 -0.96741 -0.103559 0 198 249

-0.216432 -0.883121 -0.212158 250 252 0

-0.213279 -0.908833 -0.347788 249 246 0

-0.185635 -0.738437 -0.705832 0 194 254

-0.186878 -0.764806 -0.66548 0 191 247

-0.156754 -0.473464 -0.936082 254 0 0

-0.122569 -0.346038 -0.921929 245 0 0

-0.134379 -0.460386 -0.962527 251 124 0

-0.0862399 -0.0374442 -1.02175 248 79 250

-0.0702525 0.0470675 -1.07512 245 254 0

-0.0706196 0.0415388 -1.07941 251 251 0

-0.0356147 -0.306033 0.951355 250 128 0

-0.0495725 -0.488827 0.794111 251 0 0

-0.0795359 -0.715265 0.556524 245 126 0

-0.0793028 -0.788303 0.493675 0 192 246

-0.104854 -0.974463 0.21831 247 121 0

-0.112308 -0.989894 0.0707449 249 244 248

-0.115464 -0.962761 -0.198836 251 0 0

-0.113103 -0.936896 -0.47029 251 0 0

-0.106152 -0.733108 -0.562628 0 196 247

-0.1067 -0.823288 -0.585125 251 0 0

-0.0791137 -0.530862 -0.819355 250 0 0

-0.0813966 -0.575322 -0.898883 251 245 0

-0.0533616 -0.355036 -0.962751 252 0 0

0.0204804 -0.346953 0.937659 0 197 247

0.014566 -0.533139 0.839661 252 120 0

0.0224469 -0.552326 0.779765 252 65 247

0.0306361 -0.802949 0.647511 249 123 0

0.0447764 -0.922016 0.504962 252 72 245

0.0525079 -0.938987 0.258388 0 196 248

0.0550081 -0.998113 0.0967922 251 247 0

0.0570393 -0.998168 0.0272831 251 122 0

0.0576238 -0.997763 -0.0844177 251 94 253

0.0579357 -0.998132 -0.124442 249 0 0

0.0589192 -0.971423 -0.225585 249 24 251

0.0565452 -0.880254 -0.404525 247 0 0

0.055303 -0.883447 -0.612098 251 251 0

0.0512274 -0.677953 -0.742812 253 0 0

0.0462437 -0.683114 -0.728482 251 0 0

0.0411869 -0.59775 -0.777547 252 174 248

0.0358755 -0.434028 -0.891972 254 126 245

0.0260375 -0.179289 -0.99067 0 197 250

0.00734751 -0.0701549 -1.04891 253 246 0

0.0958654 -0.289127 0.952478 246 122 0

0.0697228 -0.39734 0.80528 247 0 0

0.16257 -0.588125 0.710151 253 0 0

0.228713 -0.854851 0.480964 0 198 253

0.263785 -0.874062 0.401697 245 120 0

0.289126 -0.93224 0.137231 0 190 254

0.313248 -0.935559 -0.252693 0 193 249

0.314257 -0.945986 -0.0890456 253 212 251

0.314692 -0.884231 -0.335285 247 248 0

0.295682 -0.86889 -0.476879 248 123 0

0.288237 -0.761376 -0.662731 0 192 253

0.262587 -0.73307 -0.696409 249 193 251

0.230396 -0.495871 -0.899998 0 191 247

0.170108 -0.280131 -0.921279 254 121 0

0.143605 -0.159977 -0.982763 246 251 0

0.179673 -0.273531 0.944933 252 0 0

0.156311 -0.292154 0.862489 0 191 251

0.284543 -0.601047 0.693514 246 253 0

0.361361 -0.699243 0.603327 249 0 0

0.342515 -0.684994 0.577884 254 247 0

0.421143 -0.700722 0.480513 252 247 0

0.492559 -0.826988 0.242576 249 128 0

0.499706 -0.805855 0.280314 251 0 0

0.523436 -0.832117 0.119006 248 76 252

0.519729 -0.827617 0.0523633 247 250 0

0.53612 -0.834476 -0.0276652 254 254 0

0.535338 -0.827993 -0.0859286 0 190 254

0.547762 -0.835807 -0.160391 247 88 248

0.539799 -0.800726 -0.373848 0 199 254

0.532938 -0.716673 -0.43036 0 199 254

0.512553 -0.714308 -0.571619 245 238 254

0.438948 -0.602455 -0.761969 251 0 0

0.442888 -0.53066 -0.779393 0 197 251

0.348647 -0.323918 -0.914939 0 193 249

0.215504 -0.286334 -1.03679 245 251 0

0.233476 -0.261599 -1.04095 250 68 251

0.218667 -0.154459 -1.07044 250 0 0

0.198805 -0.236478 0.951081 250 0 0

0.237734 -0.415559 0.81713 249 123 0

0.39574 -0.582641 0.623441 250 128 0

0.432043 -0.637877 0.672597 253 127 0

0.455528 -0.652827 0.461343 252 43 250

0.483162 -0.68086 0.355746 252 0 0

0.522059 -0.679813 0.493661 245 0 0

0.522817 -0.709998 0.285496 0 193 254

0.612764 -0.749393 0.0905065 0 196 246

0.607515 -0.765348 0.0224483 247 250 0

0.630999 -0.760775 0.0492257 251 196 254

0.643421 -0.733397 -0.16053 0 198 252

0.64213 -0.721786 -0.246389 246 126 0

0.633795 -0.65087 -0.467178 253 249 0

0.5971 -0.632027 -0.577158 248 254 0

0.535584 -0.489325 -0.76737 254 251 0

0.454682 -0.461448 -0.844153 0 195 253

0.473368 -0.438145 -0.881732 251 0 0

0.406051 -0.258331 -0.960526 0 191 252

0.241934 -0.242167 0.939587 252 0 0

0.220129 -0.380568 0.891715 249 254 0

0.411946 -0.476044 0.614603 0 198 253

0.465605 -0.627758 0.474223 251 125 0

0.555157 -0.639415 0.473244 253 216 251

0.525639 -0.594569 0.484142 248 0 0

0.618023 -0.672609 0.333514 253 124 0

0.682759 -0.691606 0.0399018 0 195 253

0.706755 -0.689954 -0.151538 246 0 0

0.704436 -0.678424 -0.381801 254 151 253

0.678992 -0.641602 -0.516243 250 0 0

0.690512 -0.600246 -0.434574 251 47 249

0.642134 -0.567035 -0.720245 248 0 0

0.57903 -0.436327 -0.794667 245 246 0

0.487618 -0.435733 -0.916727 253 121 0

0.444308 -0.332667 -0.909185 0 196 247

0.371944 -0.186467 -0.976922 252 155 253

0.305065 -0.239076 -0.998549 253 254 0

0.246028 -0.201657 0.948053 245 0 0

0.123707 -0.308624 0.832793 247 0 0

0.414205 -0.369689 0.713968 252 249 0

0.45842 -0.451926 0.705296 245 248 0

0.490136 -0.525449 0.581953 251 43 253

0.607191 -0.589533 0.398498 251 246 0

0.68619 -0.619816 0.297215 245 0 0

0.731065 -0.6332 0.11505 254 0 0

0.772641 -0.617662 -0.124818 252 32 251

0.768933 -0.62155 -0.265001 0 194 251

0.768167 -0.590748 -0.243195 250 249 0

0.692995 -0.549691 -0.566936 245 253 0

0.629184 -0.456953 -0.784773 253 0 0

0.544319 -0.349293 -0.934807 247 124 0

0.447022 -0.278909 -0.943144 0 196 246

0.312361 -0.123654 -1.01107 0 197 252

0.234509 -0.170718 0.957006 0 193 253

0.219634 -0.258841 0.859664 249 151 253

0.34886 -0.399326 0.726078 246 0 0

0.521628 -0.504488 0.560966 252 245 0

0.554303 -0.476147 0.491865 251 87 250

0.601147 -0.545204 0.541029 247 126 0

0.692891 -0.559489 0.40334 248 254 0

0.773829 -0.586148 0.100422 248 0 0

0.784882 -0.583907 -0.0716451 254 0 0

0.806776 -0.588415 -0.097632 254 245 0

0.807506 -0.563897 -0.277071 247 0 0

0.805613 -0.574161 -0.345599 246 252 0

0.740977 -0.50735 -0.614753 0 196 246

0.659453 -0.42849 -0.752756 250 120 0

0.605789 -0.361029 -0.827542 0 190 251

0.558656 -0.357452 -0.895239 250 126 0

0.400704 -0.21896 -0.97793 246 129 251

0.29272 -0.126135 -0.992433 253 106 246

0.261117 -0.178288 0.9487 254 34 252

0.126138 -0.297632 0.837471 254 17 250

0.451769 -0.362791 0.692853 246 248 0

0.615419 -0.456454 0.535395 253 65 249

0.746789 -0.550951 0.288108 248 122 0

0.775044 -0.553229 0.159568 0 194 249

0.762393 -0.549309 0.1527 245 249 0

0.824632 -0.542868 -0.230918 250 249 251

0.824886 -0.51281 -0.299837 246 0 0

0.799484 -0.522019 -0.415723 245 249 0

0.755482 -0.485848 -0.653869 245 0 0

0.711046 -0.392143 -0.764467 252 236 250

0.560937 -0.322997 -0.817995 248 17 246

0.52927 -0.239988 -0.806364 249 218 246

0.505695 -0.258498 -0.933862 247 252 0

0.443696 -0.257916 -0.975771 254 252 0

0.525325 -0.174401 -0.978965 247 126 0

0.217974 -0.0963451 -1.02381 247 27 250

0.241989 -0.125546 0.962122 252 250 0

0.250147 -0.277311 0.806442 0 197 250

0.361029 -0.314368 0.829455 245 0 0

0.404525 -0.264616 0.687074 248 0 0

0.548141 -0.356943 0.574779 249 252 0

0.70925 -0.426086 0.371456 0 199 247

0.781336 -0.435958 0.244697 245 123 0

0.858846 -0.45984 0.0242808 250 247 0

0.887247 -0.456917 -0.210485 249 215 246

0.887116 -0.45299 -0.115921 250 248 0

0.873362 -0.447675 -0.325869 249 191 246

0.875506 -0.403025 -0.484052 247 252 0

0.75357 -0.384738 -0.628288 248 164 253

0.709833 -0.287396 -0.758289 250 16 252

0.711867 -0.297923 -0.772887 246 0 0

0.47757 -0.231907 -0.941393 0 196 249

0.472385 -0.152166 -0.892578 0 190 252

0.509694 -0.111122 -0.997454 0 198 249

0.289113 -0.102046 0.95184 0 198 253

0.319372 -0.183291 0.769929 248 0 0

0.522861 -0.244092 0.655765 252 128 0

0.629395 -0.244886 0.525897 245 120 0

0.689043 -0.298325 0.588718 249 247 0

0.82564 -0.315469 0.371018 246 254 0

0.860052 -0.322536 0.117551 0 194 246

0.913867 -0.33276 0.0024714 246 247 0

0.942974 -0.316127 -0.321898 248 125 0

0.92272 -0.290412 -0.357412 251 246 0

0.88784 -0.287442 -0.457348 246 251 0

0.850214 -0.241624 -0.681436 254 126 0

0.776223 -0.214364 -0.754062 246 249 0

0.821328 -0.254139 -0.765867 0 193 254

0.690526 -0.144503 -0.934745 246 248 0

0.658787 -0.158773 -0.933999 249 123 0

0.625505 -0.1678 -0.926201 246 124 0

0.536624 -0.100641 -0.968937 246 252 0

0.25803 -0.068122 -1.07484 247 249 253

0.273502 -0.0626881 0.959827 248 250 0

0.311512 -0.131303 0.835155 253 249 0

0.381449 -0.119746 0.860158 245 128 254

0.439842 -0.172447 0.704791 253 198 248

0.692286 -0.184137 0.575359 0 194 249

0.696203 -0.185153 0.492336 251 0 0

0.849526 -0.218393 0.327727 0 191 250

0.908945 -0.218421 0.157853 0 193 248

0.971065 -0.22233 -0.0596095 0 194 245

0.973135 -0.223393 -0.0684837 0 195 254

0.974113 -0.214486 -0.158221 0 194 245

0.974707 -0.221215 -0.285144 247 204 251

0.962809 -0.18927 -0.525005 0 197 245

0.883546 -0.177102 -0.518342 0 191 249

0.876138 -0.148405 -0.703625 0 199 250

0.784972 -0.155471 -0.751933 247 0 0

0.631223 -0.0671003 -0.873824 0 195 246

0.398884 -0.0470558 -0.955642 246 248 0

0.304637 -0.0318655 -1.04801 0 192 253

0.313815 -0.0406717 0.948613 246 0 0

0.225879 -0.050349 0.9167 252 0 0

0.593854 -0.100422 0.726724 252 249 0

0.565618 -0.0924298 0.631772 254 58 251

0.686462 -0.100013 0.502406 246 0 0

0.881818 -0.118009 0.251969 247 126 0

0.921349 -0.125253 0.0723577 245 253 0

0.980813 -0.123888 -0.111841 249 128 0

0.981929 -0.1179 -0.262552 245 134 254

0.972034 -0.117774 -0.362316 250 146 253

0.89636 -0.0897751 -0.636399 246 173 252

0.849239 -0.0891845 -0.634213 254 247 0

0.860633 -0.0919011 -0.656922 252 113 250

0.652131 -0.0677777 -0.837439 245 59 254

0.541301 -0.0421495 -1.00553 248 0 0

0.527385 -0.0349958 -0.997484 0 196 253

0.381767 -0.00710507 -1.04181 254 245 0

0.310749 -0.0393506 0.949677 0 195 246

0.242485 -0.0539223 0.816431 252 128 0

0.540296 -0.0861736 0.629452 254 67 253

0.684683 -0.113946 0.464447 251 0 0

0.84954 -0.118168 0.333555 248 248 0

0.940917 -0.123907 -0.00176607 251 0 0

0.991373 -0.125285 -0.0417598 247 126 0

0.992055 -0.1234 -0.07946 251 0 0

0.992018 -0.121638 -0.079622 0 192 248

0.991585 -0.119762 -0.243271 0 190 249

0.978268 -0.121742 -0.284685 251 0 0

0.967821 -0.109584 -0.502203 245 0 0

0.943491 -0.113854 -0.500685 252 0 0

0.920345 -0.108448 -0.629918 251 121 0

0.797776 -0.0888734 -0.69432 247 250 0

0.6607 -0.0657193 -0.859098 248 170 253

0.60711 -0.0570404 -0.959009 252 125 0

0.290513 -0.00385189 0.956863 0 199 247

0.424378 -0.00892077 0.804836 249 126 0

0.578098 -0.011126 0.648822 251 128 0

0.710858 -0.0120483 0.486916 0 199 250

0.814286 -0.0126543 0.389916 0 193 251

0.857244 -0.012499 0.175239 247 246 0

0.871872 -0.0131914 0.159555 250 121 0

0.980018 -0.0132436 0.0135846 0 193 253

0.999059 -0.0130612 -0.129793 245 0 0

0.993462 -0.0128061 -0.248529 249 21 251

0.936541 -0.0108087 -0.467479 254 125 0

0.918844 -0.0114137 -0.600582 0 190 251

0.826703 -0.00898496 -0.728834 249 246 0

0.80828 -0.008867 -0.717861 245 124 0

0.663242 -0.00775384 -0.811245 0 191 249

0.662107 -0.00574941 -0.887584 254 48 250

0.420122 -0.000926824 -0.976714 247 245 0

0.300186 0.0344317 0.953259 245 251 0

0.168844 0.056246 0.869592 252 50 251

0.333225 0.0692232 0.744586 0 194 252

0.518571 0.0810442 0.749469 0 198 249

0.718433 0.100006 0.47633 0 190 254

0.798475 0.101935 0.319324 252 0 0

0.919412 0.109549 0.232673 246 128 0

0.973458 0.113915 -0.0252129 245 0 0

0.980045 0.113083 -0.0367069 253 254 0

0.991782 0.111805 -0.321124 254 122 0

0.98429 0.101475 -0.383256 253 127 0

0.895818 0.0973981 -0.58236 0 199 247

0.870513 0.0897128 -0.664424 0 199 246

0.793522 0.083499 -0.819379 246 0 0

0.726347 0.0752475 -0.896703 249 27 249

0.631001 0.0318956 -0.998512 0 190 253

0.439006 0.0282006 -1.05702 251 129 0

0.271314 0.000185676 -0.97505 253 125 0

0.273169 0.035047 0.961327 0 190 254

0.39877 0.0773326 0.816342 248 247 0

0.57688 0.0940774 0.572612 0 197 245

0.716262 0.110712 0.541478 249 0 0

0.739106 0.112051 0.443243 251 0 0

0.867265 0.125546 0.311975 250 0 0

0.90947 0.125662 0.105904 254 125 0

0.958905 0.127244 0.124031 245 125 0

0.991705 0.123694 -0.164398 253 0 0

0.980432 0.116889 -0.459502 253 250 0

0.847429 0.0943082 -0.620228 250 0 0

0.759522 0.0879247 -0.760743 253 0 0

0.654113 0.0591776 -0.977251 247 123 0

0.640235 0.0615231 -0.965257 251 0 0

0.583289 0.0496549 -0.997714 250 122 0

0.510741 0.0379938 -0.982552 253 123 0

0.314569 0.122175 0.941339 247 245 0

0.346368 0.173995 0.814262 245 36 245

0.468692 0.194802 0.819196 250 252 0

0.57734 0.285484 0.57624 246 245 0

0.733368 0.342868 0.338157 251 250 0

0.799209 0.345673 0.204643 251 153 246

0.902028 0.362041 0.154378 0 199 254

0.919523 0.354182 -0.157762 253 253 0

0.91034 0.344163 -0.364909 254 126 0

0.884259 0.301758 -0.475892 0 197 253

0.797824 0.271343 -0.636086 248 46 246

0.811563 0.252111 -0.773007 249 247 0

0.704931 0.210416 -0.931029 246 0 0

0.615622 0.150828 -0.867028 248 122 0

0.337711 0.14725 0.929661 254 124 0

0.351218 0.26211 0.850106 251 249 0

0.509009 0.299997 0.665935 0 198 254

0.591961 0.313069 0.550245 0 192 249

0.694732 0.361717 0.398639 246 247 0

0.765225 0.363282 0.388335 0 193 251

0.860749 0.395657 0.0790729 253 233 245

0.882407 0.397332 -0.0150465 253 0 0

0.906463 0.399644 -0.117661 248 0 0

0.914371 0.39617 -0.0720112 250 250 250

0.914553 0.378679 -0.347407 0 199 251

0.82871 0.302656 -0.537194 247 128 0

0.816974 0.340538 -0.581795 251 0 0

0.77654 0.262818 -0.69757 252 120 249

0.675492 0.208966 -0.788163 249 250 0

0.63928 0.211241 -0.868596 253 122 0

0.452412 0.140861 -1.01673 0 194 246

0.407047 0.0684396 -1.0567 0 196 247

0.31996 0.05633 -1.08013 246 123 253

0 0 -1 245 171 246
